ACCOUNT_ID=0.0.460328
PRIVATE_KEY=302e020100300506032b65700422042001e83146278962ca17ca858dd9c1d5ac4dae589fc722eacc84e558c0eb39931d
VEHICLE_EVENT_TOPIC_ID=0.0.1965463
VERIFIED_SERVICER_TOPIC_ID=0.0.1965464